 Hurrell PC-Based North Atlantic Oscillation Index (DJFM)
  1899.   -0.69
  1900.   -1.32
  1901.   -0.37
  1902.   -0.69
  1903.    1.33
  1904.   -0.01
  1905.    0.83
  1906.    0.83
  1907.    1.11
  1908.    0.56
  1909.   -0.50
  1910.    0.43
  1911.    0.47
  1912.   -0.43
  1913.    1.40
  1914.    0.47
  1915.   -0.70
  1916.   -0.22
  1917.   -1.18
  1918.    0.03
  1919.   -0.87
  1920.    1.58
  1921.    0.69
  1922.    0.59
  1923.    0.36
  1924.   -0.65
  1925.    1.09
  1926.   -0.31
  1927.    0.50
  1928.    0.16
  1929.   -0.59
  1930.    0.42
  1931.   -0.68
  1932.   -0.09
  1933.   -0.10
  1934.    0.97
  1935.    0.07
  1936.   -1.94
  1937.   -0.15
  1938.    0.54
  1939.   -0.13
  1940.   -1.94
  1941.   -1.23
  1942.   -1.07
  1943.    0.62
  1944.    0.52
  1945.   -0.08
  1946.   -0.27
  1947.   -1.86
  1948.    0.26
  1949.    1.02
  1950.    0.48
  1951.   -0.93
  1952.   -0.14
  1953.   -0.01
  1954.    0.15
  1955.   -1.25
  1956.   -1.04
  1957.    0.04
  1958.   -1.26
  1959.    0.10
  1960.   -1.81
  1961.    0.74
  1962.   -0.92
  1963.   -1.29
  1964.   -0.88
  1965.   -0.81
  1966.   -1.56
  1967.    0.62
  1968.   -0.15
  1969.   -2.57
  1970.   -1.15
  1971.   -0.66
  1972.    0.12
  1973.    1.20
  1974.    0.37
  1975.    0.74
  1976.    1.22
  1977.   -1.34
  1978.   -0.55
  1979.   -1.44
  1980.   -0.35
  1981.    0.29
  1982.   -0.21
  1983.    1.29
  1984.    0.43
  1985.   -0.80
  1986.   -0.01
  1987.   -0.66
  1988.   -0.17
  1989.    2.46
  1990.    1.91
  1991.    0.56
  1992.    1.76
  1993.    1.76
  1994.    0.87
  1995.    1.29
  1996.   -1.44
  1997.    0.71
  1998.   -0.01
  1999.    0.66
  2000.    1.61
  2001.   -1.01
  2002.    0.62
  2003.    0.05
  2004.   -0.12
  2005.    0.36
  2006.   -0.90
  2007.    1.16
  2008.    1.06
  2009.    0.04
  2010.   -2.57
  2011.   -0.68
  2012.    1.60
  2013.   -1.68
  2014.    0.91
  2015.    1.87
  2016.    1.00
  2017.    0.89
  2018.   -0.16
  2019.    0.76
